            0.300002 0 0 0 -0.0203643 -0.0242045   0.039317 0 0 0   -0.011 -0.02329  0.04412 -0.154704 -0.333519  0.238137 -0.0256414 -0.0116902 -0.0584639 0 0 0 -0.278833 -0.712491  -9.77911 
            0.400077  -1.44044 -0.457629  0.153478  0.0396775 -0.0337599  0.0555097  3.05045e-06  -1.3477e-05 -4.49437e-06 -0.0109992 -0.0232898  0.0441199 -0.215312 -0.397941  0.260349 -0.0256414 -0.0116899 -0.0584638 -1.58595e-06 -4.86518e-07  2.05071e-07 -0.278832  -0.71249  -9.77912 
            0.500111 -1.17692 0.200154  0.39129    0.166242 -0.00462706   0.0368919 0.000584327 -0.00119351 -8.4431e-05 -0.0110003  -0.023291   0.044121  0.558275 -0.174434 0.0469843 -0.0251666  -0.011872 -0.0580739 -0.000192277 -9.80447e-05  5.95283e-05 -0.278647 -0.712393  -9.77913 
            0.600127 -0.619616   1.25915  0.923743    0.243562 0.000951033   0.0299922   0.0217172  -0.0247753 -0.00198909 -0.0109352 -0.0233247  0.0441421  0.494617 -0.174739  0.182616 -0.0247819 -0.0120079 -0.0575424 -0.00423597 -0.00431068  0.00730688  -0.27462 -0.707959  -9.77956 
            0.700115 -0.895354 0.0625149   1.19011  0.312111 -0.015169   0.04368   0.0500884  -0.0902509 -0.00394314  -0.011035 -0.0232819   0.043961  0.486111 -0.226898   0.17432 -0.0236944 -0.0107449 -0.0565373  -0.0148279 -0.00904328   0.0119408 -0.264419 -0.703073   -9.7802 
            0.800148 0.910385 -0.15134  1.00939  0.358964  -0.02814 0.0525108   0.106205 -0.0721871 0.00119133  -0.011186 -0.0234431  0.0438732  0.505234 -0.188853  0.139592 -0.0239094 -0.0108841 -0.0553436 -0.0129374 -0.0191424  0.0261317 -0.266136 -0.692679  -9.78089 
            0.900116  -0.31023 0.0246105  0.349159    0.40586 -0.0388174  0.0739962   0.241897  -0.132585 0.00627534 -0.0113546 -0.0231547  0.0440226  0.380661 -0.253184  0.339699 -0.0227015 -0.0106843 -0.0536998 -0.0247185 -0.0425605  0.0592735 -0.254494 -0.668084  -9.78291 
             1.00016   -1.7587 -0.912237 0.0561322   0.448411 -0.0354858  0.0860214   0.58644 -0.172802  0.023284 -0.0117735 -0.0224899  0.0445955  0.327229 -0.298314  0.288395 -0.0219202 -0.0104508 -0.0525907 -0.0344195 -0.0985317   0.118839 -0.244521 -0.610476  -9.78693 
             1.10016 -1.58549 0.122597 0.323851   0.496274 -0.0449159  0.0842799  0.769352 -0.289619 0.0250925 -0.0112667 -0.0223937  0.0447497  0.395182 -0.288268  0.177862 -0.0216294 -0.0107595 -0.0517453 -0.0563665  -0.130527   0.201556 -0.221224 -0.574603  -9.78966 
             1.20007 -2.04028 0.696838 0.346316   0.552489 -0.0334796  0.0801781   1.06339 -0.421536 0.0237307 -0.0106837 -0.0224395  0.0449188   0.323852 -0.0404478   0.374159 -0.0210677 -0.0104898 -0.0510624 -0.0802889  -0.183012   0.273045 -0.196221 -0.520549  -9.79321 
             1.30006 -2.50446  1.50521 0.585732   0.598418 -0.0188853  0.0955599   1.22406 -0.548656 0.0145691 -0.0101225  -0.022578  0.0450545   0.287497 -0.0558929   0.314385 -0.0211942 -0.0105349 -0.0503578 -0.102412 -0.213697  0.339551 -0.173315 -0.488565  -9.79529 
             1.40017 -1.92313 0.469096  1.03806    0.651588 -0.00780947   0.0924762   1.33839 -0.693759 0.0190687  -0.010361 -0.0233435   0.044572   0.350662 0.00757038   0.181987  -0.0200425 -0.00996698  -0.0498275 -0.129053 -0.233239  0.416602 -0.146757 -0.467918  -9.79673 
             1.50015 -0.984606  0.974327  0.881539    0.715375 -0.00309583   0.0872851   1.36736 -0.839062 0.0253466 -0.0104047 -0.0239994  0.0443854  0.369099 0.0299175  0.359523 -0.0198158 -0.0101023 -0.0489034 -0.156563 -0.238334   0.47737 -0.120243 -0.461946  -9.79738 
              1.6002 -1.05635  1.15257 0.519198    0.78099 0.00582847   0.101163   1.40375 -0.960115  0.037401 -0.0104633 -0.0241029  0.0443038   0.485214 -0.0288048   0.277936 -0.0192778 -0.0100265 -0.0478265 -0.179624 -0.243461  0.522032 -0.0987197  -0.456102   -9.79789 
             1.70009 -3.33684 0.367305 0.115003   0.834586 0.00242101   0.103841   1.44391 -0.983459 0.0425366 -0.0108208 -0.0234218  0.0444259   0.480787 -0.0634358    0.17622  -0.0180304 -0.00953103  -0.0472484 -0.185304 -0.246955  0.564088 -0.0944387  -0.452771   -9.79809 
             1.80006 -2.27288  1.33098 0.468164    0.89013 0.00714611  0.0935778   1.50275  -1.00455 0.0420937 -0.0106169   -0.02356  0.0443781    0.56274 -0.0725515  0.0689995  -0.0191279 -0.00976074  -0.0466662 -0.189572 -0.256335  0.606324 -0.0921856   -0.44444   -9.79849 
             1.90021  -2.0927  2.05499 0.858892      0.9484 -0.00476808   0.0861371   1.48335  -1.03264 0.0418974 -0.0103653 -0.0237768  0.0444366  0.435206 -0.079911  0.232825   -0.018533 -0.00955405  -0.0464072 -0.194309 -0.253877  0.644289 -0.0889407  -0.447814   -9.79837 
             2.00014 -2.94539  1.35665  1.16463     1.00433 -0.00666856   0.0850511   1.51905  -1.07341 0.0370564 -0.0104595 -0.0237226  0.0444214  0.458755 -0.158044  0.135338  -0.0178161 -0.00906977  -0.0459504 -0.201567 -0.261834  0.671779  -0.08413 -0.440958  -9.79872 
             2.09998 -0.557714  0.919735   1.17648    1.05901 -0.0158496  0.0801505    1.5212  -1.09606 0.0351849 -0.0106348 -0.0242448  0.0442429   0.519262 -0.0797121  0.0208662    -0.01833 -0.00875729  -0.0448298 -0.206492 -0.264062  0.691884 -0.0810365  -0.439523   -9.79881 
             2.20012 -0.891308   1.00486  0.641344    1.11775 -0.0167105  0.0742345   1.53894  -1.11948 0.0337812 -0.0107511  -0.024315  0.0441518   0.443199 -0.0869414   0.198442   -0.017204 -0.00908502  -0.0436508 -0.212316 -0.269086  0.711174 -0.0774977   -0.43504   -9.79904 
             2.30024 -0.971757  0.138303  0.689775     1.17423 -0.00834802   0.0802564   1.57511   -1.1388 0.0328307  -0.010886 -0.0242572  0.0440695  0.535615 -0.144058 0.0695257  -0.0169259 -0.00861647  -0.0433201 -0.216888 -0.277057  0.718982 -0.0746651  -0.427061   -9.79941 
             2.39999 -2.91345 0.710727 0.505083     1.22999 -0.00322072   0.0764999  1.61678 -1.15091 0.030622 -0.0108585  -0.023905  0.0444562   0.543885 -0.0797768 -0.0169587  -0.0159699 -0.00902669  -0.0423979 -0.219398 -0.285078  0.729018 -0.0738852  -0.419209   -9.79976 
             2.50009 -2.72617  1.14272 0.585662    1.28708 -0.0139757  0.0667522   1.61523  -1.15033 0.0305734 -0.0107904 -0.0238359  0.0444399      0.647  -0.141783 -0.0938201  -0.0155546 -0.00892431  -0.0418968 -0.218979  -0.28457  0.735952 -0.0746135  -0.419897   -9.79972 
             2.60006 -2.15745  1.90565 0.931668     1.34421 -0.00762686   0.0738735   1.63791  -1.15919 0.0222819 -0.0106766 -0.0238925  0.0444499   0.500788 -0.0947835   0.110895  -0.0157152 -0.00885004  -0.0415186 -0.221137 -0.291491  0.737824 -0.0732899  -0.413155   -9.80002 
             2.70013 -2.64502 0.980659 0.858315    1.39852 0.00124927  0.0787139   1.67056  -1.17449 0.0126915 -0.0107174 -0.0239104  0.0444387   0.517303 -0.0511086  0.0099027  -0.0149808 -0.00850677  -0.0402909 -0.224678 -0.300221   0.74175 -0.0709954  -0.404755   -9.80039 
             2.79985 -0.953656  0.910773   1.20139   1.45781  0.010299 0.0754127    1.68645   -1.18657 0.00913236 -0.0106993 -0.0240274  0.0442152   0.596675  0.0541806 -0.0613827  -0.0155905 -0.00828657  -0.0401902 -0.227761 -0.304622  0.743566 -0.0686371  -0.400418   -9.80058 
             2.90014 -2.37621  1.56704 0.692558    1.50654 0.00503254  0.0860227    1.6786  -1.18499 0.0105592 -0.0106643 -0.0240234  0.0441754 0.562224 0.104543 0.112199  -0.0143382 -0.00837263  -0.0394387 -0.227194 -0.302207  0.746705 -0.0690888  -0.403019   -9.80047 
             3.00014 -3.06738 -0.10309 0.591754    1.5625 0.0235899 0.0833726   1.71175  -1.18574 0.0081932 -0.0109494 -0.0238892   0.044387   0.535446 -0.0235244  0.0123063  -0.0145437 -0.00786716  -0.0389375  -0.22762 -0.309552  0.753969 -0.0701693  -0.396574   -9.80073 
             3.10023 -2.99664  1.08519 0.687494   1.61599 0.0336989 0.0795003   1.72903  -1.18562 0.0029282 -0.0109182 -0.0238887  0.0444096      0.57736 -0.000691103   -0.0674854  -0.0145039 -0.00835977  -0.0382799 -0.227336 -0.313944  0.754723 -0.0710504  -0.392511   -9.80089 
             3.20018 -2.49918  1.73701 0.833894   1.67533 0.0236058 0.0820049   1.71418  -1.18816 0.0102027 -0.0110319 -0.0238448  0.0445391    0.446886 -0.00633008    0.168763  -0.0144393 -0.00783084  -0.0379606 -0.229066 -0.309114  0.751274 -0.0686706  -0.396523   -9.80074 
             3.30017 -3.37191  1.91066 0.872431   1.71463  0.027948 0.0927081      1.722    -1.1861 0.00617709 -0.0110119 -0.0238386  0.0445469   0.362652 -0.0213874   0.100507  -0.0141328 -0.00803499   -0.037156 -0.228124 -0.311864  0.751235 -0.069898 -0.394039  -9.80083 
             3.40024 -2.25521 0.860206 0.960596     1.755 0.0251433 0.0967753    1.72426   -1.18938 0.00662921 -0.0110924 -0.0239354   0.044479    0.381592 -0.00922327    0.042823  -0.0139931 -0.00767328  -0.0365453 -0.229483 -0.312726   0.75558 -0.0690486  -0.393621   -9.80086 
             3.50026 -1.0509 0.77252 1.00921   1.80661 0.0193563 0.0972408    1.71669     -1.199 0.00431987 -0.0111007 -0.0239427  0.0445287   0.435327 -0.0426862  0.0844218  -0.0137334 -0.00777866  -0.0362972 -0.232052 -0.310748  0.756105 -0.0663624  -0.395163   -9.80081 
             3.60017 -2.03386  1.18892 0.529058   1.84372 0.0166265   0.10733    1.71714   -1.19571 0.00390602 -0.0110888  -0.023935  0.0445293  0.420068 0.0131165  0.106676 -0.0133376  -0.007583 -0.0356615 -0.231606 -0.310636  0.760646 -0.0670901  -0.395841   -9.80078 
             3.70016  -2.93722 -0.218129  0.419562  1.88032 0.027093 0.107501    1.73872   -1.19016 0.00580167 -0.0112876 -0.0237947  0.0447515   0.397132 -0.0810447  0.0562051  -0.0135439 -0.00726072  -0.0355684 -0.230942 -0.314866  0.766047 -0.0687384  -0.392377   -9.80091 
             3.80013 -3.41852 0.349565 0.422702   1.92314 0.0343231  0.109128    1.75427   -1.19674 0.00726704 -0.0112718  -0.023745  0.0449014   0.415328 -0.0225292  0.0164136  -0.0135945 -0.00729448  -0.0349864 -0.232346 -0.318433  0.767755 -0.0679436   -0.38891   -9.80105 
             3.90019  -3.4206 0.550339 0.463752   1.96983 0.0401895   0.10261    1.76249   -1.20096 0.00562049 -0.0112079 -0.0237311  0.0449515   0.485776 -0.0452795  -0.032049  -0.0134425 -0.00705925  -0.0347384 -0.233132 -0.320765  0.771536 -0.0674785  -0.386965   -9.80113 
             4.00014 -3.32212  1.09016 0.586159   2.01651  0.053198 0.0984711     1.77517    -1.20626 -0.00244647 -0.0110475 -0.0237784  0.0449657    0.39716 -0.0777087   0.122949  -0.0133221 -0.00720429  -0.0340523 -0.233448 -0.325479    0.7763 -0.0675442  -0.383076   -9.80128 
             4.10032 -4.10533 0.748116 0.770075   2.05556 0.0539528 0.0986144    1.78372   -1.21241 -0.0104463 -0.0109996 -0.0237472  0.0450217   0.363684 -0.0917242  0.0234039  -0.0127873 -0.00715846  -0.0335507 -0.233771  -0.32895  0.781048 -0.0675018   -0.38053   -9.80138 
             4.20018 -1.96022  0.20801   1.3683   2.09283 0.0404872  0.097788     1.77888    -1.21338 -0.00880567 -0.0110384 -0.0237896  0.0451031   0.392943 -0.0786814 -0.0368505  -0.0127428 -0.00715918  -0.0335583 -0.233903 -0.327906  0.782242 -0.0672949  -0.381704   -9.80134 
             4.30031  -1.26207 -0.223147   1.10846   2.14436 0.0391062 0.0949086     1.7824   -1.21946 -0.0157016 -0.0110341  -0.023772  0.0449775   0.524414   0.016502 -0.0502033  -0.0120916 -0.00697909  -0.0330298 -0.235817 -0.328823  0.781567 -0.0655933  -0.380503    -9.8014 
             4.40013 -0.936894 -0.295826   1.03735   2.19208 0.0472354  0.101068    1.78745   -1.21912 -0.0191028 -0.0110416 -0.0237629  0.0449086  0.442869 0.0213232  0.170114   -0.012129 -0.00691179  -0.0330992 -0.235734 -0.330514  0.781062 -0.065905 -0.378844  -9.80146 
             4.50026  -1.88695 -0.497972  0.630502  2.23422 0.052312 0.114594    1.79077   -1.21392 -0.0231952 -0.0110569 -0.0238236  0.0449293  0.464235 -0.110529   0.12855  -0.0117841 -0.00702643  -0.0323476 -0.234657 -0.331554  0.779642 -0.0671149  -0.377949   -9.80149 
             4.60008   -2.40384 -0.0801798   0.924816   2.27975 0.0329576  0.125681    1.78156   -1.21197 -0.0156004 -0.0110788 -0.0238633  0.0448268  0.479651 -0.105638 0.0522882  -0.0116261 -0.00691597    -0.03213 -0.234646 -0.329817  0.778962 -0.0668402  -0.379615   -9.80142 
             4.70023   -2.1342 -0.104841  0.922526   2.33455 0.0301588  0.114832    1.79049   -1.21997 -0.0232252 -0.0110166 -0.0237941  0.0448771   0.607773  -0.131313 -0.0592683   -0.011508 -0.00672009  -0.0317252 -0.234308 -0.331486  0.784537 -0.0670582  -0.378161   -9.80148 
             4.80032 -2.00518 0.332693  1.24226    2.3962 0.0326515    0.1137    1.80038   -1.22907 -0.0400989 -0.0109013 -0.0238088  0.0449391  0.580814 -0.174543  0.184808   -0.011513 -0.00656802  -0.0316339 -0.234917 -0.334773  0.787854  -0.06677 -0.374963   -9.8016 
             4.90038  -2.47869 0.0711859   1.52208   2.45572 0.0228886  0.124461    1.80512   -1.23223 -0.0495705  -0.010876 -0.0237967  0.0449794  0.623187  -0.14801 0.0666452  -0.0110515 -0.00647801   -0.031308 -0.234894 -0.336328  0.789074 -0.0669865  -0.373518   -9.80166 
             5.00026   -1.20309 -0.0090726    1.68547  2.51974 0.035176 0.124381     1.8233   -1.23669 -0.0799314 -0.0108377 -0.0238904   0.044757    0.721107 9.38074e-05  -0.0214458  -0.0110158 -0.00647483  -0.0309259 -0.234731 -0.341105  0.790846 -0.0681121  -0.369169   -9.80181 
             5.10022 -2.24357 0.186211  1.18371   2.58584 0.0592767  0.122175   1.84243  -1.24896 -0.116444 -0.0109466 -0.0238002  0.0448864  0.737576 0.0712756  0.133486  -0.0104855 -0.00652449  -0.0304624 -0.233119 -0.346826  0.797605 -0.070709 -0.364322  -9.80198 
             5.20017  -3.68534 -0.116037  0.904346  2.65467 0.060873 0.126309   1.84648  -1.25265 -0.121233  -0.010992 -0.0236839  0.0449581  0.693663 0.0052128 0.0218803  -0.0101997 -0.00656176  -0.0301102 -0.231951 -0.347392  0.800622 -0.0718273  -0.364122   -9.80198 
             5.30027 -3.21508  1.02443  1.11325  2.72299 0.056179 0.121895   1.84373  -1.25114 -0.116133 -0.0109582 -0.0236814   0.044906   0.764414 -0.0300936  -0.030031  -0.0107635 -0.00673457   -0.029943 -0.230763 -0.346809  0.801999 -0.0726323  -0.365042   -9.80194 
             5.40017 -3.12067  1.66462  1.26047   2.79992 0.0725738  0.120855  1.85483 -1.25525 -0.13797  -0.010879 -0.0237107  0.0448548    0.6666 0.0702743  0.199513  -0.0105328 -0.00652033  -0.0296011 -0.230649 -0.350143  0.803599 -0.0736777  -0.362222   -9.80203 
             5.50034 -3.83748  1.49592  1.33655   2.86854 0.0885411  0.138113    1.8596  -1.25544 -0.148172 -0.0108716 -0.0237206  0.0448814   0.70287 0.0697948 0.0472316  -0.0105064 -0.00646356  -0.0293356 -0.231307 -0.351677  0.802742 -0.0735534  -0.360571   -9.80209 
             5.60026 -1.53737 0.998983  1.55858   2.93505 0.0947905  0.134693    1.8558  -1.25175 -0.145112 -0.0109052 -0.0237713  0.0450559   0.798079   0.163369 -0.0707214  -0.010663 -0.0062596 -0.0291764 -0.230121  -0.35087  0.804142 -0.0743687   -0.36192   -9.80204 
              5.7003 -2.15073  1.42203  1.15146  3.00682 0.106822  0.14246  1.85946 -1.25328 -0.14566 -0.0109257 -0.0238086  0.0450357 0.693506 0.037557 0.228776  -0.0106755 -0.00643431  -0.0287432 -0.230141 -0.351364  0.806524 -0.0747488  -0.361957   -9.80203 
             5.80011 -3.51827  0.83139  0.94001  3.08013 0.103211 0.148838   1.85791  -1.25483 -0.143267 -0.0109594 -0.0237298   0.044982   0.724959  0.0284817 -0.0193426  -0.0100475 -0.00615312  -0.0284447 -0.230248 -0.350458  0.808863 -0.0746009  -0.363148   -9.80199 
             5.90034 -3.12542  1.59478  1.26721   3.15308 0.0978192  0.142197   1.85398   -1.2524 -0.142854 -0.0109724 -0.0237186  0.0449775   0.825108 -0.0249186 -0.0683183  -0.0101526 -0.00637734  -0.0283989  -0.22963 -0.349503   0.81011 -0.0749317  -0.364441   -9.80194 
             6.00022 -2.68108  2.06919  1.64129   3.23467 0.0948975  0.145036   1.85205  -1.25452 -0.141988 -0.0109843 -0.0237575  0.0450252 0.656245 0.016001 0.186092  -0.0102968 -0.00610739  -0.0282302 -0.230537 -0.348677  0.811111 -0.0739865  -0.365098   -9.80192 
             6.10044 -3.26281   2.2114   1.7245  3.30595 0.099205 0.150229  1.85446 -1.25873 -0.14306 -0.0109454 -0.0237465  0.0450643   0.675761  0.0517625 -0.0174283 -0.00988131 -0.00605124  -0.0278525 -0.231711 -0.349881  0.813406 -0.0736466  -0.364111   -9.80196 
             6.20032 -2.21339  1.71734  1.57471  3.38137 0.105539 0.142152  1.85408  -1.2594 -0.14325 -0.0109657  -0.023776  0.0450537   0.691325 -0.0904479   0.139661 -0.00966459 -0.00600414  -0.0276189 -0.232174  -0.34988   0.81459 -0.0734233  -0.364236   -9.80196 
             6.30026 -2.43686  1.64094  1.52001   3.45768 0.0979188  0.153453   1.85374  -1.26114 -0.142248  -0.010982 -0.0237678  0.0450221  0.724559 -0.106113 0.0884299 -0.00950523 -0.00589517  -0.0273315 -0.233556 -0.349651  0.815708 -0.0723423  -0.364228   -9.80197 
             6.40038 -3.28384  1.05616  1.20317   3.53208 0.0961727   0.15109  1.85736 -1.26283 -0.13964 -0.0110401 -0.0237284  0.0450668   0.758299 -0.0664315 -0.0693822 -0.00932634 -0.00582019  -0.0270732 -0.234193 -0.350595   0.81641 -0.0723312  -0.363335     -9.802 
             6.50044 -3.34905  1.62746  1.41219  3.61377 0.097975 0.144006    1.8626  -1.26498 -0.134864 -0.0110302 -0.0237315  0.0451367    0.780071   0.0688972 -0.00844612  -0.0091687 -0.00580768  -0.0268664 -0.234522 -0.352577  0.815914 -0.0727406  -0.361363   -9.80207 
             6.60032 -2.92156  2.58226  1.60862  3.68093 0.102716 0.158976   1.86423   -1.2663 -0.133838 -0.0109759 -0.0237331  0.0450799  0.684099 -0.114966  0.150697 -0.00894412 -0.00589167  -0.0265639 -0.234364 -0.354802   0.81597 -0.0736232  -0.359457   -9.80214 
             6.70037 -2.62686 0.911585  1.89752  3.74912 0.104234 0.155643   1.86799   -1.2653 -0.130283 -0.0110251 -0.0237655  0.0450486  0.734382 0.0105246 -0.068634 -0.00834755 -0.00546636  -0.0264053 -0.234472 -0.356382  0.817999 -0.0744231  -0.358637   -9.80216 
             6.80036 -2.26941 0.975698  1.41171  3.82293 0.114024 0.153562  1.87212  -1.2661 -0.12678  -0.011089 -0.0237943  0.0449692 0.734355 0.199296 0.135379 -0.00814201 -0.00545915  -0.0260851 -0.234932 -0.358233  0.819245 -0.0749289  -0.357224   -9.80221 
              6.9004 -2.35676 0.390149  1.58824  3.89786  0.12578 0.162956  1.87446 -1.26839 -0.12665  -0.011096 -0.0237904  0.0449352  0.705549 0.0622705 -0.012441 -0.00816024 -0.00541023  -0.0260317 -0.235648 -0.359117  0.819295 -0.0746892   -0.35618   -9.80225 
             7.00044 -2.74933  1.56417  1.46636  3.98551 0.129533 0.154502  1.87254 -1.27646 -0.12548  -0.011068 -0.0237657  0.0450765  0.812736 0.0108304 -0.109342 -0.00786737 -0.00583237  -0.0256532 -0.237601 -0.358512  0.819717 -0.0728398  -0.355892   -9.80227 
             7.10046 -2.07875   2.4705  1.64719  4.06019 0.134037 0.150022   1.87245  -1.27782 -0.124413 -0.0109934  -0.023797  0.0451659  0.537402 0.0576434  0.133867 -0.00789749 -0.00580584  -0.0253036 -0.238406 -0.358027  0.821316 -0.0721233  -0.356322   -9.80226 
             7.20026 -3.36408  2.05085  1.58773   4.1113 0.135587 0.164287   1.87059  -1.27729 -0.125719 -0.0109959 -0.0238228  0.0451012   0.51717  0.063046 0.0564474 -0.00745656 -0.00562786  -0.0251038 -0.238148 -0.357322  0.820796 -0.0719855  -0.356924   -9.80224 
             7.30037 -1.08144  1.83887  1.97831  4.16924  0.14117 0.163271   1.86689  -1.27915 -0.130212 -0.0110211 -0.0238475  0.0452026  0.574133    0.1448 -0.061194 -0.00774979 -0.00568843  -0.0250427 -0.238693 -0.356506  0.820914 -0.0711514  -0.357358   -9.80223 
             7.40027 -1.81877  2.17591  1.53366  4.22033 0.143191 0.172138   1.86397  -1.27765 -0.140363 -0.0109867 -0.0238334  0.0452113 0.486968  0.24743 0.113629 -0.00727012 -0.00547265  -0.0246782  -0.23933 -0.354995  0.821756 -0.0700829  -0.358538   -9.80219 
             7.50035 -2.32056 0.641661  1.48589  4.26776 0.149809 0.175378  1.86421 -1.27048 -0.15118 -0.0110626  -0.023799  0.0451893  0.481259 0.0419403 0.0394131 -0.00739445 -0.00542131  -0.0245964 -0.239619 -0.354049   0.82356 -0.069796 -0.359659  -9.80216 
              7.6003 -2.91105  1.08176  1.54557  4.31639 0.151686 0.171542  1.86543 -1.26353 -0.16082 -0.0110891 -0.0237342  0.0451263   0.546996  0.0735156 -0.0371374 -0.00744623 -0.00554648  -0.0244458 -0.239949 -0.353011  0.825539 -0.0695202  -0.360823   -9.80211 
             7.70044 -2.89625  1.30609  1.51357  4.38198 0.156206 0.164355    1.8647  -1.26461 -0.158763 -0.0110822 -0.0237219  0.0451209   0.684393  0.0389388 -0.0831334 -0.00741139 -0.00556666  -0.0240919 -0.240814 -0.352428  0.826114 -0.0686727  -0.361029   -9.80211 
             7.80035 -2.42215  1.98923  1.85666  4.44464 0.154996 0.168471   1.86625  -1.26392 -0.157881 -0.0110507  -0.023754  0.0451713   0.567508 -0.0304561   0.104126 -0.00743085 -0.00568466  -0.0239376 -0.241502  -0.35138  0.827942 -0.0680443  -0.361944   -9.80208 
              7.9004 -2.34017 0.866956  2.26966  4.50431 0.147631 0.170645   1.86496  -1.26335 -0.157107 -0.0110874 -0.0237578  0.0451924    0.613576  -0.0205658 -0.00634157 -0.00709097 -0.00539803  -0.0237088 -0.241476 -0.350767  0.828498 -0.0678907  -0.362563   -9.80206 
             8.00037 -1.47407 0.608698  1.98346  4.56795 0.153145 0.160247    1.8669  -1.26453 -0.159053 -0.0111266 -0.0238206  0.0451418   0.484659 -0.0923141   0.113064 -0.00685106 -0.00522289  -0.0233995 -0.241519 -0.351385  0.830132 -0.0683269  -0.362281   -9.80207 
             8.10041 -1.88346  1.03646  1.51223  4.60179 0.151154 0.167919   1.86805   -1.2666 -0.161122 -0.0111349 -0.0238167  0.0451476   0.20438 -0.096812 0.0748786  -0.0068508 -0.00541901  -0.0231994 -0.241592 -0.351848  0.831485 -0.068616  -0.36199  -9.80208 
              8.2004 -2.49984  1.21755 0.859298  4.60821 0.142061 0.173453   1.87084  -1.26605 -0.159236 -0.0111884   -0.02385  0.0451675 -0.0527554  -0.140496  0.0716919 -0.00632274 -0.00549446  -0.0233013 -0.241349 -0.352424  0.831048 -0.0691183  -0.361621   -9.80209 
             8.30043 -3.25297  1.76839 -2.35485  4.60664 0.131856 0.177437   1.87535  -1.26607 -0.140545  -0.011604 -0.0236214  0.0453566 -0.0921026  -0.216005  0.0724921 -0.00633744 -0.00558568  -0.0227999 -0.242602 -0.353578  0.831587 -0.0685997  -0.360293   -9.80214 
             8.40037 -3.63739  1.73925 -7.91199  4.60429 0.113033 0.180212   1.87648  -1.25938 -0.125034 -0.0121282 -0.0231815  0.0454461 -0.0761622  -0.252615   0.045111 -0.00677351 -0.00583388  -0.0224487 -0.244264 -0.354509  0.832778 -0.0671789  -0.359487   -9.80218 
             8.50023 -4.28429  1.37175 -15.5946   4.60553 0.0861546  0.180118    1.8783  -1.25483 -0.125303 -0.0126123 -0.0223337  0.0454949 -0.0759717  -0.301449 0.00476611 -0.0066265 -0.0060027 -0.0221207 -0.245921 -0.355273  0.833629 -0.0652943  -0.359774   -9.80218 
             8.60021 -5.51556  1.02595 -24.9398   4.60116 0.0546752  0.174207   1.87898  -1.24162 -0.117932 -0.0135046 -0.0218523  0.0455836  -0.105617  -0.371576 -0.0454403 -0.00654026 -0.00621928  -0.0219472 -0.246967  -0.35714  0.835104 -0.0624093  -0.360141   -9.80219 
             8.70039 -6.48656 0.961234 -35.4522    4.5968 0.0226294  0.155683    1.87871   -1.21438 -0.0929557 -0.0153299 -0.0222708  0.0456637  -0.13466 -0.566212 -0.201169 -0.00677586 -0.00690817   -0.021635 -0.244823 -0.360755  0.836306 -0.0543438  -0.359486   -9.80226 
              8.8004 -3.90627  3.50595 -41.1382    4.59454 -0.0209964   0.153327   1.88343  -1.19879 -0.087599 -0.0157175 -0.0224878    0.04526 -0.0301635  -0.480056    0.14261  -0.0071222 -0.00731427  -0.0218618 -0.241669 -0.362923  0.835701 -0.0475371  -0.360058   -9.80227 
             8.90032 -1.62321    4.481  -46.044    4.58577 -0.0574017   0.162041    1.84295   -1.17376 -0.0501524 -0.0149657 -0.0228945  0.0447398  0.036038  -0.47382 0.0611254  -0.0070915 -0.00709998  -0.0220298 -0.234919 -0.358721  0.836329 -0.0399571  -0.346375    -9.8028 
             9.00044 -1.80849  3.16645 -53.1109     4.574 -0.093669    0.1595    1.79623   -1.14335 -0.0266554 -0.0142342  -0.023057  0.0448581 -0.0804551  -0.418412 -0.0377871 -0.00683177 -0.00692391  -0.0216915 -0.228827  -0.35196  0.836831 -0.0320258  -0.329774    -9.8034 
             9.10026 -0.664031   3.57758  -60.5558   4.55742 -0.110623  0.156575     1.72379    -1.07509 -0.00918109 -0.0130114 -0.0235139  0.0450588 -0.0511213  -0.314353 0.00546123 -0.00691573 -0.00711147   -0.021434 -0.215412 -0.340371  0.837487 -0.0113631  -0.302339   -9.80433 
             9.20041 -0.0677515    3.86158   -67.8823   4.54402 -0.126746  0.148802     1.64031    -1.01578 -0.00864207  -0.011834 -0.0235891  0.0453848 -0.0183473  -0.340144 -0.0712185 -0.00708922  -0.0073835  -0.0213941 -0.203507 -0.325228   0.83717 0.00647512  -0.270671   -9.80526 
             9.30027 -0.110882   5.20828  -75.3308    4.5265 -0.128185  0.142046    1.49551   -0.92498 -0.0319146 -0.0100018 -0.0235525  0.0455594   0.115533  -0.252309 -0.0124483 -0.00697891 -0.00766633   -0.021193 -0.183786 -0.298362  0.837383 0.0358064 -0.216151  -9.80655 
             9.40036 -2.17206  4.68698 -82.7344   4.52673 -0.126611   0.14485   1.35626 -0.852007 -0.070775 -0.00864748  -0.0232214   0.0458739    0.250366   -0.182091 -0.00512977  -0.0070139 -0.00788241  -0.0211074 -0.167389  -0.27236  0.836735 0.0603088 -0.164705  -9.80743 
             9.50023 -1.84487  5.01125 -83.7919  4.52544 -0.12758  0.14699   1.21933 -0.835748 -0.120074  -0.008836 -0.0215694  0.0459065     0.153 -0.127354 0.0296036 -0.00714289 -0.00799785  -0.0213542 -0.163278 -0.246804  0.836105 0.0639855   -0.1159  -9.80811 
             9.60017 -1.60824  4.72618 -82.7197   4.52069 -0.129358  0.144501   1.10182 -0.789456 -0.175104 -0.00946318  -0.0190642   0.0461251   0.133237  -0.265352 -0.0216378 -0.00709592 -0.00786266  -0.0212106 -0.155378 -0.222847  0.836638  0.0774355 -0.0716652   -9.80843 
             9.70023 -1.52989  4.64547  -82.847   4.51959 -0.149751  0.138944    1.0106  -0.76969 -0.207882 -0.0103203 -0.0175942  0.0461997   0.132759  -0.366272 -0.0570399 -0.00686709 -0.00784981  -0.0210101  -0.15232 -0.204746  0.837006  0.0827108 -0.0382217   -9.80858 
             9.80038 -1.58263  4.89361 -82.7147  4.52036 -0.18004 0.127047  0.953254 -0.749654 -0.220678 -0.0108379 -0.0167621   0.046176  0.0457006  -0.474224 -0.0798385 -0.00688591 -0.00750403  -0.0209563 -0.148807 -0.192574  0.838092  0.0891493 -0.0163946   -9.80858 
             9.90032 -1.12568  5.89696 -82.6254   4.52117 -0.222266  0.120767  0.879983 -0.717505 -0.223932 -0.0113687 -0.0161446  0.0459983    0.234207   -0.534997 -0.00121701 -0.00692479 -0.00751671  -0.0208637 -0.142146 -0.180347  0.836517    0.10085 0.00793627   -9.80848 
             10.0004 -1.19445  7.27049  -82.184   4.53241 -0.262382  0.128072   0.81498 -0.689733 -0.216289 -0.0118538 -0.0158675  0.0456631   0.16917 -0.586738 0.0308972 -0.00688542 -0.00743925  -0.0208625 -0.135679 -0.168789  0.836161  0.111838 0.0302076  -9.80832 
             10.1003 -1.38122  5.89502 -81.2335  4.53013 -0.30535 0.133115  0.730972 -0.663133 -0.204745 -0.0125429 -0.0158607  0.0458012 0.0548054 -0.636529 0.0376432 -0.00664818 -0.00727225  -0.0206748 -0.131329 -0.153883  0.835933  0.120632 0.0588951  -9.80808 
             10.2004 0.954114  5.25664 -81.0147   4.54403 -0.351927  0.134219  0.683134 -0.598101 -0.195304 -0.0132131 -0.0161488  0.0459482  0.191698 -0.736857 0.0132685 -0.00664614 -0.00735245  -0.0202936 -0.120634  -0.14539  0.836451  0.142178 0.0751666  -9.80768 
             10.3004 0.737011  4.59378 -81.5704   4.55422 -0.415556  0.140489  0.616826 -0.575673 -0.179778 -0.0135366 -0.0168409  0.0462129  0.210714 -0.765829  0.170906 -0.00660255 -0.00739126  -0.0202836 -0.117416 -0.134145  0.836465  0.149294 0.0972693  -9.80738 
             10.4004 0.275882  3.33328 -81.6321    4.5613 -0.481523  0.149229  0.576159 -0.539695  -0.17576 -0.0140381 -0.0173535  0.0465103 0.0731272 -0.787595 0.0660595 -0.00654352 -0.00712394    -0.02016 -0.111162 -0.126807  0.837394 0.161612 0.111311 -9.80704 
             10.5003 -1.20169  4.44104 -81.6783   4.56772 -0.553997  0.143602   0.54668 -0.518017 -0.169402  -0.014251 -0.0175791  0.0463945  0.0903789  -0.912942 -0.0385824 -0.00598739 -0.00745879  -0.0200684 -0.106564 -0.121717  0.839119 0.169913 0.121365 -9.80678 
             10.6003 -0.873216   4.54172  -81.4068   4.57506 -0.642925  0.136162  0.516086 -0.511113 -0.158727  -0.014299 -0.0178321  0.0462307 -0.0312735  -0.974404   0.181467 -0.00595356 -0.00727526  -0.0199257 -0.103564 -0.117097  0.840795  0.17418 0.131156 -9.80658 
             10.7003 -1.38707  4.64271 -81.3303   4.57389 -0.724202  0.153013  0.484435  -0.49359 -0.147357 -0.0144562 -0.0181108  0.0460517 -0.0376447  -0.933036  0.0573695 -0.00594553 -0.00731289  -0.0198643 -0.0986691   -0.11208   0.841748  0.18205 0.141453 -9.80629 
             10.8004 0.907838  3.36055 -81.2535   4.57185 -0.805577  0.153864  0.472078 -0.466742 -0.140578  -0.014801 -0.0184242  0.0459462  0.0670664   -1.02825 -0.0761834 -0.00604968 -0.00721834  -0.0198341 -0.0933054  -0.110582   0.843577 0.191932 0.145033 -9.80605 
             10.9004 -0.194167   3.37366  -81.6571   4.57948 -0.904747  0.161589  0.473043 -0.441199 -0.134115 -0.0151515 -0.0183917  0.0459629 -0.0741513    -1.0723   0.203223 -0.00557315 -0.00749532  -0.0195208 -0.0876579   -0.11254   0.846282 0.201874 0.143032 -9.80588 
             11.0003 -0.337031   4.32662  -81.9234  4.59208 -1.00219 0.159316  0.481398 -0.398041  -0.12766 -0.0155083 -0.0183165  0.0458504 -0.00280628    -1.13886  -0.0212261 -0.00560387 -0.00761768  -0.0196872 -0.079061 -0.114599  0.849259 0.217658 0.139711 -9.80559 
             11.0993 0.225645  4.36249 -81.5201  4.61851 -1.11314 0.147687   0.49706 -0.355575 -0.125777 -0.0157878 -0.0181688  0.0456772 0.129707 -1.10775 0.142185 -0.00581422  -0.0073824  -0.0197491 -0.0698949  -0.118541   0.852138 0.233896 0.133339  -9.8053 
             11.2004 -0.910926   4.94166  -81.5676  4.63518 -1.21106 0.149385  0.486745 -0.331932 -0.123119 -0.0159087 -0.0179563  0.0457108 0.0844727  -1.09047 0.0309704 -0.00568511 -0.00743512  -0.0198231 -0.0612423  -0.120043   0.856198 0.246532 0.133861 -9.80499 
             11.3003  1.57834  3.96449 -81.4126  4.66398 -1.30785 0.136543  0.482107 -0.289627 -0.112869 -0.0163336 -0.0181888  0.0454365  0.324871  -1.24722 -0.241027 -0.00595773 -0.00736611  -0.0196791 -0.0534749  -0.119646   0.858481 0.261355 0.135063 -9.80459 
             11.3993 0.0840142   3.90328  -81.7091  4.68369 -1.40312 0.131238  0.461746 -0.257959 -0.104586 -0.0167032  -0.018302  0.0455819  0.109744  -1.02398 0.0986992 -0.00584506 -0.00756794   -0.019603 -0.0465222  -0.116688   0.860231 0.273561 0.141458 -9.80416 
             11.5003 0.272857  4.79063 -81.8494  4.69786 -1.50309 0.124104  0.453104  -0.24954 -0.102503 -0.0167589 -0.0183657  0.0455253   0.15308  -1.14181 -0.153032 -0.00579241 -0.00740953  -0.0194899 -0.0445743  -0.115424   0.861149 0.276923 0.144188 -9.80403 
             11.6003 0.410669  4.23486 -81.5854   4.7111 -1.60871 0.110843  0.431836 -0.244174   -0.1021 -0.0168324 -0.0185169  0.0455389  0.122156  -1.07226 0.0726021 -0.00550557 -0.00725556  -0.0194738 -0.0430551  -0.111499   0.861307 0.279324 0.151632 -9.80385 
             11.7003 -0.0321049    4.88746   -81.6821  4.73159 -1.70408 0.111829   0.423676  -0.230536 -0.0986021 -0.0169608 -0.0185458  0.0455126 0.214329 -1.02118 -0.07688 -0.00539319 -0.00733276  -0.0192233 -0.0395042  -0.110669   0.861789 0.285137  0.15384 -9.80365 
             11.8003 0.863291  3.84335 -81.9169  4.74957  -1.8063 0.103398  0.404214 -0.224589 -0.101794 -0.0169864 -0.0187054  0.0456492     0.184312     -1.13315 -0.000620073 -0.00540329 -0.00716859  -0.0190004 -0.0373562  -0.106999   0.860473 0.288226 0.160693 -9.80345 
             11.9003 0.867327  4.00471 -81.7241  4.75931 -1.90639 0.116484  0.390486 -0.224314 -0.106435 -0.0170188 -0.0188151  0.0456696   0.13702  -1.03274 0.0568633  -0.0052093 -0.00713233  -0.0187926 -0.0362265  -0.104125   0.859824 0.289367  0.16583 -9.80333 
             12.0004 -1.12496   4.8057  -82.288  4.77406 -2.00267 0.113255  0.377621 -0.205601 -0.102911 -0.0171754 -0.0189456  0.0456127  0.109139  -1.17058 -0.130165 -0.00479128 -0.00737279  -0.0186168 -0.0331273  -0.101806   0.860073 0.295564 0.170239 -9.80307 
             12.1005 -0.640164   4.13957  -81.7616  4.79352 -2.10545 0.112157   0.378567  -0.191054 -0.0935744 -0.0172786 -0.0188963  0.0456592 0.0724904  -1.01564  0.232766 -0.00483306 -0.00711305  -0.0185984 -0.0306234  -0.102331   0.860682 0.300484 0.169549 -9.80293 
             12.1993 -0.161089   4.86262  -80.9594   4.8083 -2.20739 0.116421   0.379823   -0.18668 -0.0912001 -0.0172405  -0.018898  0.0456388   0.206821   -1.05994 -0.0359579 -0.00478746 -0.00708068  -0.0185387 -0.0303565  -0.103077   0.861835  0.30151 0.168645 -9.80291 
             12.3004 0.115862  3.61579 -81.5523  4.83533 -2.31287 0.109566   0.381714  -0.172122 -0.0793059 -0.0174108 -0.0189118  0.0456166  0.134674  -1.05005 0.0783879 -0.00489034 -0.00702561  -0.0184074 -0.0284435  -0.103638   0.862584 0.305844 0.167746  -9.8028 
             12.3995 -0.836265   5.12532  -81.6782  4.84649 -2.40864  0.10792   0.380042  -0.166053 -0.0768133 -0.0173614 -0.0188691  0.0456262  0.0901797  -0.956157 -0.0479131 -0.00462002 -0.00721035  -0.0184732 -0.0284566  -0.104229   0.864538 0.306882 0.167528 -9.80277 
             12.4994 -0.20061  4.74741  -83.147   4.84778  -2.50989 0.0919199   0.375056  -0.168728 -0.0827817 -0.0172552 -0.0189187  0.0456567  0.103041  -1.01431 -0.118275 -0.00474067 -0.00703717  -0.0180696 -0.0296769  -0.103865   0.865243 0.305249 0.168767  -9.8028 
             12.6004 0.531543  5.34887 -84.8639   4.84968  -2.59983 0.0971392   0.370065  -0.169045 -0.0850488 -0.0171736 -0.0190239  0.0456817 0.00821233  -0.900387   0.113123 -0.00474597 -0.00711395  -0.0179189 -0.0300518  -0.103161    0.86565 0.304845 0.170318 -9.80278 
             12.7004 0.402483  3.77425 -85.9044   4.84314   -2.6918 0.0928802  0.356523 -0.176027 -0.103442  -0.016942 -0.0191836  0.0457662 0.0588116  -0.96894 -0.107422 -0.00438731 -0.00675222  -0.0178275 -0.0321619  -0.101172   0.866179 0.301633 0.174635 -9.80281 
             12.8005  1.04554  2.68189 -86.3171   4.85336  -2.79275 0.0837477   0.351863  -0.173166 -0.0980222  -0.016948 -0.0192271  0.0458831  0.063526 -0.987263 0.0730011 -0.00448319 -0.00671602  -0.0177254 -0.0306569 -0.0999527   0.865646 0.303618 0.176568 -9.80271 
             12.9006 -0.568463   4.43048  -86.6427   4.85873  -2.87817 0.0898665   0.339015  -0.169785 -0.0983319  -0.017023 -0.0192874  0.0456582   0.138738  -0.961152 -0.0767293 -0.00424872 -0.00691779  -0.0175928 -0.0292338 -0.0974462   0.865657 0.305665 0.181152 -9.80256 
             12.9994 -0.603431   3.53175  -86.6453   4.86786  -2.96924 0.0833301   0.32582 -0.164837 -0.098903 -0.0171175 -0.0193122  0.0456305 0.0805692  -1.10938  -0.21192 -0.00432761 -0.00660827  -0.0174581 -0.0267562 -0.0948964   0.863926 0.309035 0.185741 -9.80237 
             13.1004 -0.481298   3.56459  -86.1256   4.87736  -3.07101 0.0720079   0.323344  -0.162984 -0.0998783  -0.017126 -0.0192808  0.0456183 0.0651874 -0.953395   0.12734 -0.00413428 -0.00653519   -0.017389  -0.026785 -0.0943609   0.865356 0.309344 0.186722 -9.80234 
             13.2005 -0.597376   4.14727  -85.7458   4.88321  -3.17055 0.0641289  0.320858 -0.167549 -0.100919 -0.0171441 -0.0193139  0.0456092  0.173451  -1.05138 -0.137514 -0.00383205 -0.00667673  -0.0172508 -0.0278725  -0.093387   0.866186  0.30755 0.188182 -9.80237 
             13.3005 -0.230217   3.23297  -86.2617   4.89475  -3.27655 0.0585038  0.315256 -0.168021 -0.101802 -0.0171464 -0.0193287  0.0456475 0.0780503  -1.00236   0.10938  -0.0039326 -0.00651581  -0.0171148 -0.0276623 -0.0921742   0.865425 0.307752 0.190287 -9.80232 
             13.4004 -0.994803   4.69838  -86.3668   4.89837   -3.3679 0.0631095  0.303785 -0.166781  -0.10293 -0.0172003 -0.0194132   0.045466   0.109122   -1.00596 -0.0753029 -0.00389825 -0.00685041  -0.0170789 -0.0269428 -0.0897285   0.865152 0.308819 0.194561 -9.80221 
             13.5004 -0.943203   4.27785  -86.2359   4.90382   -3.4703 0.0570486  0.294666 -0.162754 -0.103366 -0.0172524 -0.0194689  0.0454448  0.164288  -1.18204 -0.200318 -0.00383302 -0.00654681  -0.0169696 -0.0260924 -0.0880549   0.863825 0.310443 0.197614 -9.80209 
             13.6005 0.073898  4.74199 -85.5411   4.90697  -3.58117 0.0626702  0.295775 -0.166876 -0.104338  -0.017242 -0.0194765  0.0454993 0.0244327  -1.07188 0.0126765 -0.00381554 -0.00635946  -0.0170822 -0.0270743 -0.0879595   0.863543 0.308783 0.197572 -9.80215 
             13.7004 -0.0487431    3.85235   -85.5623   4.91081  -3.68845 0.0503068   0.28704 -0.168836 -0.103524 -0.0172446 -0.0195471  0.0455733  0.164809  -1.20733 -0.217466 -0.00342325 -0.00617382  -0.0168245 -0.0274468  -0.086408   0.863789 0.308203 0.200576  -9.8021 
             13.8005 -1.14695  3.39514 -86.1828   4.91683  -3.79022 0.0566077   0.282077  -0.159304 -0.0999345 -0.0173121 -0.0197108  0.0457086 -0.0296942   -1.01881  0.0735294 -0.00334909 -0.00627931  -0.0165763 -0.0249341 -0.0853947   0.862565  0.31233 0.202191 -9.80194 
             13.9005 -0.742453   4.02357   -86.466   4.92091   -3.8928 0.0543643   0.284212  -0.154729 -0.0981281 -0.0173763  -0.019713  0.0456981 0.0344351  -1.08986 -0.201166 -0.00338856 -0.00605492  -0.0164857  -0.024026 -0.0854871   0.861717 0.313961 0.201644  -9.8019 
             14.0006 -0.694638   3.62162  -86.3578   4.93042  -4.00987 0.0331624   0.289446  -0.148397 -0.0942428 -0.0174458 -0.0196638  0.0456906 0.0252733  -1.16019 -0.151131 -0.00345591 -0.00604148  -0.0163223 -0.0226521 -0.0864679   0.860986 0.316303 0.199692 -9.80186 
             14.1005 -0.574274   4.73088  -85.9963   4.93472   -4.1098 0.0322954  0.287325 -0.146052 -0.086162  -0.017588 -0.0196586  0.0455611 0.0843254  -1.03576 -0.187949 -0.00342946 -0.00605537  -0.0163294 -0.0203095   -0.08475   0.859284 0.319038  0.20157 -9.80174 
             14.2004 0.681837  3.47469 -86.1159   4.94843  -4.21184 0.0238512   0.287829  -0.143258 -0.0786379 -0.0175932 -0.0195441   0.045607 -0.128994  -1.06466 -0.122109 -0.00338663  -0.0057404  -0.0163186  -0.017856 -0.0832129   0.856894 0.321934  0.20283 -9.80162 
             14.2994 -0.0112521    3.88939   -86.2747  4.95378   -4.313 0.048227    0.29031  -0.141934 -0.0769135 -0.0176568 -0.0195518  0.0455803 0.0172305  -1.01197 0.0397662  -0.0034045 -0.00595332  -0.0163395 -0.0158625 -0.0823848   0.853509 0.324108 0.203045 -9.80154 
             14.4005 -1.07913  4.36971 -86.8305   4.95619  -4.40496 0.0478185   0.283077  -0.136536 -0.0722996 -0.0177384  -0.019698  0.0454991 -0.00464617    -1.08372  -0.0927627 -0.00348294 -0.00594615  -0.0164022 -0.0139569 -0.0810864    0.85311 0.326965 0.205399  -9.8014 
             14.5004 -0.763252   3.46473  -86.3934   4.96746  -4.51458 0.0428175   0.287713  -0.128779 -0.0642052 -0.0177893 -0.0196386  0.0455512 -0.00548865   -0.977011    0.210097 -0.00350276 -0.00588773  -0.0163842 -0.0124609 -0.0825492   0.853258  0.32966 0.203089 -9.80136 
             14.6006 -0.365053   4.65012  -85.9825   4.96844  -4.61966 0.0533411   0.293402  -0.132062 -0.0679602 -0.0177553 -0.0196379  0.0456203  0.0710508   -1.02442 -0.0323188 -0.00339294 -0.00588537  -0.0161637 -0.0132315 -0.0834356   0.853046 0.328299 0.201323 -9.80144 
             14.7005 0.0886652   3.25287  -86.4497  4.98425 -4.73261 0.048017   0.300571  -0.131478 -0.0659628 -0.0177719 -0.0195775  0.0455447  0.112866  -1.06441 0.0399083 -0.00330849 -0.00564939  -0.0161038 -0.0127582 -0.0843059   0.852784 0.328785 0.199258 -9.80146 
             14.8004 -0.514732   4.96563  -86.1675   4.99924  -4.83611 0.0498698    0.30241  -0.128384 -0.0638397 -0.0177219 -0.0195395  0.0455954   0.135878   -1.02317 -0.0139186  -0.0033294 -0.00574708   -0.016285  -0.012607 -0.0852298   0.853752  0.32942 0.198062 -9.80147 
             14.9007 -1.10997  4.67141 -86.6678   5.00697  -4.94365 0.0343581   0.297715  -0.128088 -0.0665961 -0.0176837 -0.0195511  0.0455657  0.068466  -1.25859 -0.284543 -0.00328479 -0.00567282   -0.015963  -0.013261 -0.0848416   0.854627  0.32887 0.199271 -9.80146 
             15.0005 -0.0807183    4.70645   -86.2184   5.01611  -5.05543 0.0297431   0.296117  -0.126246 -0.0670548 -0.0176696 -0.0195921  0.0455591 0.045764 -1.08219 0.109687 -0.00340834 -0.00580103  -0.0158415  -0.013783 -0.0850231   0.855938 0.328678 0.199404 -9.80146 
             15.0995  1.09206  4.97533 -85.6176   5.02605  -5.15798 0.0276284   0.289829  -0.125908 -0.0691222 -0.0177083 -0.0195845  0.0456268  0.282909  -1.10237 -0.218078  -0.0034692 -0.00591694  -0.0157124 -0.0137698  -0.083854   0.855691   0.3288 0.201577 -9.80142 
             15.2005 -0.401977   4.39474  -86.3438   5.04423  -5.24544 0.0233701   0.286926  -0.123955 -0.0703048 -0.0177208 -0.0196176  0.0456392     0.117 -0.740853  0.130086 -0.00319261 -0.00565898  -0.0156766 -0.0137318 -0.0834158   0.856089 0.329189 0.202486 -9.80138 
             15.3005 -0.748895    5.0766  -86.2994   5.05678  -5.31309 0.0196412   0.284447  -0.121441 -0.0733136 -0.0177215 -0.0196328  0.0456176  0.156124 -0.711416 -0.102598 -0.00307234 -0.00555699  -0.0157076  -0.013904 -0.0829236   0.856618 0.329459 0.203391 -9.80136 
             15.3995 -1.00008  5.06662 -86.2335     5.05631    -5.38324 -0.00113782   0.27785 -0.122153 -0.094538  -0.01769 -0.019694 0.0455489  0.113412  -0.64128 -0.135684 -0.00316694 -0.00565843  -0.0156397 -0.0150587 -0.0815351    0.85715 0.328255 0.205942 -9.80134 
             15.5005 0.0303871   6.82047  -85.6982    5.05561   -5.42979 0.00241227  0.276298 -0.127429 -0.112538 -0.0177029 -0.0197279  0.0455868  0.0233156  -0.383867 0.00970635 -0.00310531 -0.00564179  -0.0155852 -0.0156858 -0.0803607   0.857036 0.326767 0.207438 -9.80136 
             15.6005 -0.850899   5.19927  -85.7793    5.04923   -5.45783 -0.0109782  0.268148 -0.118114 -0.151627 -0.0177383 -0.0198019  0.0455996  0.115126 -0.258756 -0.123919 -0.00288809 -0.00567701  -0.0153315 -0.0186777 -0.0783925   0.858431 0.325416 0.210842 -9.80133 
             15.7005 -0.889643   5.80519  -85.7605      5.0573    -5.47159 -0.00761705  0.272086 -0.127033 -0.142032 -0.0177226 -0.0197686  0.0455989  0.0486102  0.0591231 0.00268161 -0.00277588  -0.0056176  -0.0154397 -0.0175504 -0.0791173   0.857736  0.32502  0.20948 -9.80138 
             15.7995 -0.414503   5.78482  -85.5291     5.06252    -5.46462 -0.00115895  0.274212 -0.141152 -0.133468 -0.0177054 -0.0197318  0.0455912 0.0372744 0.0999473 0.0207033 -0.00264888 -0.00543462  -0.0154612 -0.0151076 -0.0794021   0.856751 0.325061 0.208859 -9.80139 
             15.9006 0.136076  5.58754 -85.2542   5.06271  -5.46208 0.0053094  0.275155 -0.156068 -0.160968 -0.0176643 -0.0197349   0.045619 0.0732771 0.0347975 0.0177937 -0.00289544 -0.00547484  -0.0152073 -0.0143304 -0.0790265     0.8561 0.323314 0.209222 -9.80144 
             16.0004 -0.288407   5.17463  -85.0402   5.07111  -5.46479 0.0154053  0.278428 -0.175714 -0.159112 -0.0176039 -0.0197128  0.0455935 0.0743614 0.0153655 0.0321598   -0.002743 -0.00533686   -0.014967 -0.0118252 -0.0794185   0.855044 0.322495 0.208361 -9.80148 
             16.1006 -0.442582   5.17321  -84.4259   5.07646  -5.46744 0.0162265  0.280362 -0.173814 -0.164777 -0.0175907 -0.0197195  0.0455795 0.0715852 0.0159728 0.0323082 -0.00276016  -0.0053171  -0.0151181 -0.0132043 -0.0797246   0.855362 0.321458 0.207768 -9.80153 
             16.2006 -0.612912   5.03004  -84.1452    5.07618   -5.47333 0.00981504  0.281078  -0.16607 -0.187626 -0.0175785 -0.0197355  0.0455471   0.0613741 -0.00224357   0.0127196 -0.00260563 -0.00523576  -0.0150735 -0.0169249 -0.0796871   0.856446 0.319101 0.207758 -9.80161 
             16.3005 -0.878853   4.88067  -84.0067   5.07523  -5.47706 0.0153994  0.279744 -0.176128 -0.202802 -0.0175365 -0.0197767  0.0455129   0.0538212 -0.00921772   0.0218916 -0.00243281 -0.00509984  -0.0148661 -0.0168174 -0.0791095   0.855813 0.317526  0.20859 -9.80164 
             16.4006 -0.786123   4.90313  -83.8489     5.076  -5.48218 0.0142551  0.279562 -0.176771 -0.211391 -0.0175019   -0.01978  0.0455124   0.053486 -0.0192281  0.0171943 -0.00252255 -0.00511214  -0.0148121 -0.0181474 -0.0789896   0.856179 0.316126 0.208768 -9.80168 
             16.5007 -0.766914   4.95613  -83.7958   5.07632  -5.48023 0.0161551  0.275178 -0.176829 -0.215259 -0.0174875 -0.0198344  0.0455002  0.0520726 -0.0137084  0.0170713 -0.00253726 -0.00514547  -0.0146981 -0.0182458 -0.0780805    0.85612 0.316006 0.210371 -9.80165 
             16.6006 -0.729907   4.86761  -83.8389  5.07164 -5.48169 0.020089  0.270967  -0.18185 -0.220729   -0.01742 -0.0198843  0.0455118  0.0351646 -0.0104063  0.0255029 -0.00258461 -0.00505501  -0.0144917 -0.0187573 -0.0770378   0.855766 0.314661 0.212063 -9.80166 
             16.6996 -0.82609  4.85402 -83.7516   5.07186  -5.48304 0.0176732  0.268955 -0.181278  -0.22238 -0.0173915 -0.0199017   0.045513  0.0390887 -0.0126432  0.0170185 -0.00248068  -0.0050269  -0.0144212 -0.0194763 -0.0767941   0.856357 0.314058 0.212649 -9.80166 
